    1     1.43464732
    2     1.34927344
    3     1.45094955
    4     1.53993452
    5     1.42756772
    6     1.19573760
    7     0.91153669
    8     0.86845422
    9     0.74553251
   10     0.65744799
   11     0.62599570
   12     0.45051175
   13     0.59066093
   14     0.69523269
   15     0.57371622
   16     0.35926181
   17     0.09717187
   18     0.22387001
   19     0.23338337
   20    -0.06934528
   21    -0.26477835
   22    -0.23823425
   23    -0.18709332
   24    -0.25087357
   25    -0.52734017
   26    -0.71540499
   27    -0.69785798
   28    -0.70173740
   29    -0.63940042
   30    -0.58595496
   31    -0.48065010
   32    -0.10826764
   33     0.11195453
   34     0.26141441
   35     0.26108509
   36     0.28662464
   37     0.61880285
   38     0.80136418
   39     0.76194286
   40     0.75079018
   41     0.94857895
   42     1.14655364
   43     1.11440706
   44     0.91499412
   45     0.74317491
   46     0.78072524
   47     0.65634733
   48     0.66882193
   49     0.64617246
   50     0.62749875
   51     0.85079771
   52     0.85309130
   53     0.78841329
   54     0.58499467
   55     0.47782063
   56     0.61923599
   57     0.58789426
   58     0.37722662
   59     0.32657221
   60     0.43352592
   61     0.48615924
   62     0.37191489
   63     0.10174648
   64    -0.02629630
   65     0.08037899
   66     0.02120257
   67     0.10434397
   68    -0.02004785
   69     0.13755035
   70     0.38822150
   71     0.54232848
   72     0.41250473
   73     0.29576099
   74     0.39670649
   75     0.51786846
   76     0.48172113
   77     0.32240376
   78     0.32404032
   79     0.43711850
   80     0.47229135
   81     0.28709131
   82    -0.01913983
   83    -0.04520943
   84    -0.06886637
   85    -0.10626432
   86    -0.08846983
   87    -0.16121253
   88    -0.06463531
   89     0.17870352
   90     0.23022647
   91     0.12514926
   92    -0.06393988
   93    -0.17642015
   94    -0.03424207
   95    -0.22781584
   96    -0.41287625
   97    -0.49787503
   98    -0.45136222
   99    -0.40379965
  100    -0.73702741
  101    -1.04942167
  102    -0.98595291
  103    -1.09311783
  104    -1.09359229
  105    -1.01791501
  106    -1.00278354
  107    -0.75534379
  108    -0.50450969
  109    -0.37013501
  110    -0.43142876
  111    -0.49345639
  112    -0.39733022
  113    -0.18431392
  114    -0.29157177
  115    -0.40948117
  116    -0.29906392
  117    -0.20074117
  118    -0.27583095
  119    -0.49608091
  120    -0.78836918
  121    -0.81727272
  122    -0.90852666
  123    -0.97289962
  124    -1.01199436
  125    -1.08885694
  126    -0.90670127
  127    -0.81441420
  128    -0.74228001
  129    -0.89210272
  130    -1.08455193
  131    -1.02323711
  132    -0.95800173
  133    -1.10044289
  134    -1.23813987
  135    -1.10795343
  136    -1.06465280
  137    -1.13419747
  138    -1.40512121
  139    -1.62009442
  140    -1.59016287
  141    -1.65516901
  142    -1.66790080
  143    -1.69160938
  144    -1.70849693
  145    -1.46078515
  146    -1.31284368
  147    -1.26882935
  148    -1.35493553
  149    -1.45384824
  150    -1.16335034
  151    -0.98782146
  152    -1.06469584
  153    -1.06500447
  154    -0.81920159
  155    -0.53200209
  156    -0.36364254
  157    -0.40259004
  158    -0.38358846
  159    -0.24468784
  160    -0.08193064
  161     0.09893371
  162     0.33267367
  163     0.42925853
  164     0.84538698
  165     1.14758134
  166     1.16782594
  167     1.10636199
  168     1.12828517
  169     1.31645167
  170     1.39462543
  171     1.20882535
  172     1.20668745
  173     1.32536435
  174     1.37268651
  175     1.20494890
  176     0.85646749
  177     0.71524435
  178     0.72235101
  179     0.63579780
  180     0.56423634
  181     0.35202476
  182     0.32287398
  183     0.47659880
  184     0.56324404
  185     0.30803385
  186     0.06482577
  187     0.03622600
  188     0.02244974
  189    -0.07950077
  190    -0.27893454
  191    -0.42113855
  192    -0.35402042
  193    -0.30901921
  194    -0.50037372
  195    -0.79768902
  196    -0.85242349
  197    -0.80365103
  198    -0.79911858
  199    -0.71739173
  200    -0.66701430
  201    -0.45410854
  202    -0.07381793
  203     0.08468416
  204     0.14605050
  205     0.13856792
  206     0.38247538
  207     0.63729465
  208     0.73071659
  209     0.77600205
  210     0.87374359
  211     1.10315228
  212     1.26675153
  213     1.09715831
  214     0.83423227
  215     0.91058743
  216     0.79555494
  217     0.75364143
  218     0.77750993
  219     0.72280914
  220     0.84549463
  221     1.01632583
  222     1.02599275
  223     0.86431438
  224     0.70822674
  225     0.71738589
  226     0.85579604
  227     0.71307427
  228     0.56294346
  229     0.60772890
  230     0.72239453
  231     0.72595948
  232     0.54516613
  233     0.29190877
  234     0.29425490
  235     0.29915074
  236     0.28825301
  237     0.36081940
  238     0.26114085
  239     0.44534135
  240     0.77262479
  241     0.73307121
  242     0.68122065
  243     0.51625544
  244     0.71065915
  245     0.81813163
  246     0.70038527
  247     0.50016582
  248     0.63804430
  249     0.70557743
  250     0.66611701
  251     0.42416552
  252     0.18905638
  253     0.21760960
  254     0.17235416
  255     0.16221364
  256     0.14397961
  257     0.12509577
  258     0.33888367
  259     0.47325781
  260     0.46421894
  261     0.27884227
  262     0.16134305
  263     0.12031734
  264     0.15980531
  265    -0.07782260
  266    -0.17775421
  267    -0.11500959
  268    -0.12708873
  269    -0.32256076
  270    -0.63466799
  271    -0.87268966
  272    -0.75941795
  273    -0.88341391
  274    -0.84871519
  275    -0.78274792
  276    -0.78370607
  277    -0.48136282
  278    -0.26840475
  279    -0.25985593
  280    -0.35654199
  281    -0.38296679
  282    -0.22430365
  283    -0.12363926
  284    -0.31013450
  285    -0.34877333
  286    -0.25264725
  287    -0.18801130
  288    -0.35431260
  289    -0.65667051
  290    -0.88861769
  291    -0.84555131
  292    -1.01348984
  293    -1.03076446
  294    -1.12169707
  295    -1.11771739
  296    -0.90189332
  297    -0.94950247
  298    -0.94261968
  299    -1.13635063
  300    -1.32112634
  301    -1.08981049
  302    -1.08944142
  303    -1.38602114
  304    -1.34298742
  305    -1.24505627
  306    -1.21781683
  307    -1.36088026
  308    -1.67387569
  309    -1.76006126
  310    -1.75631034
  311    -1.80140722
  312    -1.78517270
  313    -1.81991184
  314    -1.72725880
  315    -1.44205499
  316    -1.37479544
  317    -1.38996482
  318    -1.49874008
  319    -1.40510726
  320    -1.19235504
  321    -1.11456418
  322    -1.08570302
  323    -0.99532342
  324    -0.69341475
  325    -0.41950759
  326    -0.38259730
  327    -0.44431636
  328    -0.33476228
  329    -0.01765087
  330     0.14841257
  331     0.32882801
  332     0.41941032
  333     0.65568918
  334     1.08530116
  335     1.28383660
  336     1.30156386
  337     1.22921300
  338     1.28517294
  339     1.51874304
  340     1.46518791
  341     1.31725574
  342     1.37734973
  343     1.49437106
  344     1.46140122
  345     1.29236865
  346     0.96735275
  347     0.88025671
  348     0.80253071
  349     0.67658353
  350     0.67298687
  351     0.41900966
  352     0.47537813
  353     0.62879890
  354     0.62083548
  355     0.43579113
  356     0.16106892
  357     0.03736732
  358     0.08698466
  359    -0.13774334
  360    -0.26739520
  361    -0.32094702
  362    -0.25686443
  363    -0.31299311
  364    -0.53883410
  365    -0.81071001
  366    -0.81900120
  367    -0.81230474
  368    -0.79298145
  369    -0.72362673
  370    -0.68784952
  371    -0.38447243
  372    -0.08569653
  373     0.10708663
  374     0.13190411
  375     0.14072046
  376     0.33120903
  377     0.58216721
  378     0.58381724
  379     0.64873910
  380     0.88815081
  381     1.06472540
  382     0.98965168
  383     0.84918219
  384     0.63430172
  385     0.69510216
  386     0.60055202
  387     0.57470649
  388     0.61576980
  389     0.48490807
  390     0.68499786
  391     0.86264980
  392     0.78164244
  393     0.62270969
  394     0.48978472
  395     0.59723175
  396     0.67097187
  397     0.46950406
  398     0.38338339
  399     0.50644058
  400     0.56327391
  401     0.52693832
  402     0.22624584
  403     0.09124075
  404     0.18208665
  405     0.17139934
  406     0.21831344
  407     0.14187926
  408     0.26188061
  409     0.54793644
  410     0.60552841
  411     0.70036173
  412     0.57877505
  413     0.42834359
  414     0.68837398
  415     0.74532658
  416     0.50421482
  417     0.46682262
  418     0.55726093
  419     0.65291703
  420     0.51249307
  421     0.23252705
  422     0.09259275
  423     0.12484375
  424     0.06096688
  425     0.06375330
  426     0.03004253
  427     0.02755659
  428     0.27863708
  429     0.40313545
  430     0.27532253
  431     0.08581507
  432     0.01418692
  433     0.09457743
  434     0.01819968
  435    -0.22219594
  436    -0.36956915
  437    -0.34492639
  438    -0.29178128
  439    -0.58495206
  440    -0.92200261
  441    -1.03411996
  442    -0.96226662
  443    -0.98805922
  444    -0.98105854
  445    -1.04117644
  446    -0.94059145
  447    -0.60955590
  448    -0.42724511
  449    -0.46585935
  450    -0.56092519
  451    -0.53229326
  452    -0.32049543
  453    -0.35250443
  454    -0.50381035
  455    -0.49730489
  456    -0.38730171
  457    -0.34039980
  458    -0.56905168
  459    -0.89875919
  460    -0.96043044
  461    -0.99582082
  462    -1.04720497
  463    -1.14619315
  464    -1.14253592
  465    -1.10330176
  466    -0.83559287
  467    -0.94131571
  468    -1.00203204
  469    -1.20708716
  470    -1.12131631
  471    -1.03038371
  472    -1.11679983
  473    -1.21027744
  474    -1.18434632
  475    -1.06010664
  476    -1.06390429
  477    -1.23734105
  478    -1.51610136
  479    -1.53078854
  480    -1.55009282
  481    -1.57449627
  482    -1.55963588
  483    -1.57672930
  484    -1.38138950
  485    -1.14831054
  486    -1.09968817
  487    -1.19404292
  488    -1.22122288
  489    -1.10224283
  490    -0.79037291
  491    -0.85461766
  492    -0.87326711
  493    -0.66433001
  494    -0.38647833
  495    -0.09520341
  496    -0.20255928
  497    -0.22591811
  498     0.06104290
  499     0.17644285
  500     0.35323784
  501     0.58609414
  502     0.64854634
  503     0.99740040
  504     1.37409675
  505     1.42375278
  506     1.39824605
  507     1.36452305
  508     1.53069675
  509     1.68981719
  510     1.53840482
  511     1.46051216
  512     1.57346487
  513     1.64589882
  514     1.53748310
  515     1.25199306
  516     0.98596972
  517     1.02754176
  518     0.84581500
  519     0.77718419
  520     0.78272235
  521     0.58740097
  522     0.73469299
  523     0.88570631
  524     0.65194410
  525     0.39756766
  526     0.29496050
  527     0.23480406
  528     0.24689305
  529    -0.04540059
  530    -0.10726482
  531    -0.04643888
  532    -0.05176993
  533    -0.18137939
  534    -0.48356920
  535    -0.63266563
  536    -0.57450259
  537    -0.59198153
  538    -0.53307432
  539    -0.47045246
  540    -0.39388871
  541    -0.02319745
  542     0.27458689
  543     0.31289330
  544     0.30351681
  545     0.45779592
  546     0.67187947
  547     0.83634245
  548     0.85099453
  549     0.84470367
  550     1.08230531
  551     1.20385051
  552     1.25620067
  553     1.01868284
  554     0.88111007
  555     0.85545576
  556     0.75026888
  557     0.76060647
  558     0.74309188
  559     0.73963952
  560     0.96336222
  561     0.94432741
  562     0.87400532
  563     0.66925597
  564     0.58118033
  565     0.72772568
  566     0.67939138
  567     0.46915764
  568     0.44657874
  569     0.55103058
  570     0.61490440
  571     0.42728320
  572     0.12802181
  573     0.09439344
  574     0.13823600
  575     0.15221062
  576     0.13651842
  577     0.14770783
  578     0.20154805
  579     0.54220277
  580     0.63052326
  581     0.62044638
  582     0.47459418
  583     0.38586816
  584     0.62387228
  585     0.53836596
  586     0.35651389
  587     0.38701195
  588     0.50428432
  589     0.52367413
  590     0.35675305
  591     0.06696048
  592     0.02901822
  593     0.02595592
  594    -0.01490730
  595    -0.00025393
  596    -0.07245707
  597     0.06202106
  598     0.26794550
  599     0.33399457
  600     0.17118424
  601     0.02161906
  602    -0.06968494
  603     0.09811670
  604    -0.12368201
  605    -0.35987478
  606    -0.39741626
  607    -0.36175558
  608    -0.32878229
  609    -0.66983199
  610    -0.96792114
  611    -0.88621157
  612    -1.00671494
  613    -1.00872242
  614    -0.90027881
  615    -0.93987167
  616    -0.67571408
  617    -0.41508007
  618    -0.28277475
  619    -0.33674464
  620    -0.40970322
  621    -0.29022977
  622    -0.09843937
  623    -0.21710676
  624    -0.32848129
  625    -0.23733261
  626    -0.15487863
  627    -0.13976835
  628    -0.44359156
  629    -0.69671857
  630    -0.67756605
  631    -0.78248453
  632    -0.83686614
  633    -0.86623842
  634    -0.97452891
  635    -0.80902827
  636    -0.60681838
  637    -0.75647634
  638    -0.93885136
  639    -0.99601555
  640    -0.96997494
  641    -0.83856148
  642    -1.08944488
  643    -1.10007274
  644    -1.04534853
  645    -0.95304257
  646    -1.07188487
  647    -1.31901360
  648    -1.53445017
  649    -1.52444243
  650    -1.57714164
  651    -1.58027649
  652    -1.61618578
  653    -1.60677862
  654    -1.34603381
  655    -1.23086131
  656    -1.17868173
  657    -1.27340400
  658    -1.36369622
  659    -1.06858063
  660    -0.91022563
  661    -0.99581075
  662    -0.96152258
  663    -0.71740437
  664    -0.41279510
  665    -0.32445064
  666    -0.35220864
  667    -0.34404445
  668    -0.10737548
  669    -0.01340613
  670     0.20822640
  671     0.42302677
  672     0.57983238
  673     0.99554348
  674     1.19807398
  675     1.27301133
  676     1.19880795
  677     1.19549191
  678     1.40919662
  679     1.45350313
  680     1.28013861
  681     1.26115739
  682     1.38683915
  683     1.38720262
  684     1.31553507
  685     0.98891824
  686     0.82792419
  687     0.74656004
  688     0.59513229
  689     0.56998354
  690     0.49576887
  691     0.49525142
  692     0.66682583
  693     0.52732295
  694     0.41695336
  695     0.13791279
  696     0.02761419
  697     0.07654839
  698    -0.04986120
  699    -0.26805714
  700    -0.35806191
  701    -0.28166226
  702    -0.27899569
  703    -0.43652639
  704    -0.73122698
  705    -0.78275454
  706    -0.73401749
  707    -0.73024344
  708    -0.64793390
  709    -0.59486037
  710    -0.36450458
  711     0.00871139
  712     0.16049644
  713     0.20580521
  714     0.20830795
  715     0.47495484
  716     0.74873090
  717     0.83303201
  718     0.80712348
  719     1.00797236
  720     1.23685479
  721     1.26713908
  722     1.21877241
  723     0.97067642
  724     0.93985260
  725     0.93325216
  726     0.86726117
  727     0.90410316
  728     0.73306876
  729     0.85099757
  730     1.07304096
  731     1.08349907
  732     0.94786435
  733     0.76515335
  734     0.77996194
  735     0.91525221
  736     0.76675349
  737     0.59446216
  738     0.67068154
  739     0.75948048
  740     0.76395470
  741     0.52273595
  742     0.27144155
  743     0.35865855
  744     0.27532062
  745     0.27708507
  746     0.37432832
  747     0.30189660
  748     0.54581451
  749     0.75319004
  750     0.86639154
  751     0.78703934
  752     0.62199706
  753     0.73477983
  754     0.82849300
  755     0.71033478
  756     0.57928085
  757     0.71676064
  758     0.77578366
  759     0.70667112
  760     0.45857394
  761     0.23887113
  762     0.27179983
  763     0.22163898
  764     0.21490942
  765     0.19117953
  766     0.17531043
  767     0.40227562
  768     0.50806177
  769     0.52068293
  770     0.34911469
  771     0.16861638
  772     0.23667264
  773     0.23376527
  774     0.03632807
  775    -0.21462175
  776    -0.13782619
  777    -0.17872903
  778    -0.18013126
  779    -0.56131285
  780    -0.72542113
  781    -0.78244543
  782    -0.75845808
  783    -0.75604981
  784    -0.82229704
  785    -0.73620957
  786    -0.43386570
  787    -0.25751114
  788    -0.22952291
  789    -0.32158384
  790    -0.35198429
  791    -0.15838492
  792    -0.08520346
  793    -0.26603535
  794    -0.32750937
  795    -0.22028220
  796    -0.19125874
  797    -0.26934680
  798    -0.58903384
  799    -0.78383404
  800    -0.87176621
  801    -1.00923455
  802    -1.05277801
  803    -1.04236448
  804    -1.10550058
  805    -0.86340165
  806    -0.87140429
  807    -0.89934826
  808    -1.09206665
  809    -1.26628709
  810    -1.03207397
  811    -1.05836916
  812    -1.35389602
  813    -1.29638863
  814    -1.19296885
  815    -1.19099271
  816    -1.32266247
  817    -1.64360392
  818    -1.70804894
  819    -1.72094262
  820    -1.76493645
  821    -1.73635614
  822    -1.79428804
  823    -1.69727492
  824    -1.42587864
  825    -1.29142177
  826    -1.37115943
  827    -1.45125997
  828    -1.31671619
  829    -1.07327950
  830    -0.99853265
  831    -1.05172002
  832    -0.84010082
  833    -0.54122376
  834    -0.34199616
  835    -0.29290104
  836    -0.39627051
  837    -0.16699441
  838    -0.06593765
  839     0.08930257
  840     0.34499833
  841     0.47228163
  842     0.78475410
  843     1.13860607
  844     1.31605828
  845     1.29359853
  846     1.24874985
  847     1.34549940
  848     1.55742800
  849     1.47481501
  850     1.35112023
  851     1.39439142
  852     1.50336576
  853     1.51494539
  854     1.27169168
  855     0.95255357
  856     0.93382466
  857     0.78960896
  858     0.67330474
  859     0.68762910
  860     0.43946335
  861     0.52328730
  862     0.65455377
  863     0.63776767
  864     0.44659871
  865     0.16284555
  866     0.09013056
  867     0.10735316
  868    -0.11113586
  869    -0.25664994
  870    -0.25362334
  871    -0.20390053
  872    -0.32527661
  873    -0.53311509
  874    -0.79597759
  875    -0.79651010
  876    -0.79221219
  877    -0.76330537
  878    -0.67938179
  879    -0.65864789
  880    -0.35231042
  881    -0.00236197
  882     0.06979347
  883     0.08772410
  884     0.10995125
  885     0.42986229
  886     0.71951902
  887     0.64769477
  888     0.62601942
  889     0.80386913
  890     0.99888182
  891     1.12308383
  892     0.90307009
  893     0.74722731
  894     0.68240237
  895     0.71767032
  896     0.68258476
  897     0.56056207
  898     0.57135212
  899     0.77500707
  900     0.84476095
  901     0.82986861
  902     0.65233821
  903     0.51169747
  904     0.62672204
  905     0.68435043
  906     0.46687827
  907     0.41463181
  908     0.53727639
  909     0.59678733
  910     0.52114594
  911     0.22033121
  912     0.10228999
  913     0.20120528
  914     0.19008051
  915     0.23974095
  916     0.14243419
  917     0.27274954
  918     0.55399108
  919     0.62451237
  920     0.66546464
  921     0.53583741
  922     0.44157371
  923     0.67158550
  924     0.72299945
  925     0.45503813
  926     0.51787627
  927     0.63245416
  928     0.64844018
  929     0.53326732
  930     0.21733332
  931     0.12106121
  932     0.12259161
  933     0.07334726
  934     0.07932118
  935     0.03396664
  936     0.08938225
  937     0.34031707
  938     0.34842882
  939     0.27456447
  940     0.06110510
  941    -0.02836840
  942     0.05987275
  943    -0.04063417
  944    -0.29251626
  945    -0.38015839
  946    -0.32263246
  947    -0.39734653
  948    -0.50767636
  949    -0.83319592
  950    -1.01039612
  951    -0.94892931
  952    -1.02835679
  953    -0.95049649
  954    -1.05566204
  955    -0.88207787
  956    -0.59092408
  957    -0.42311868
  958    -0.48208624
  959    -0.56584787
  960    -0.51237363
  961    -0.30497772
  962    -0.36009136
  963    -0.50332791
  964    -0.48557204
  965    -0.37781259
  966    -0.33548972
  967    -0.58423042
  968    -0.91463888
  969    -0.92854273
  970    -1.03299248
  971    -1.09222531
  972    -1.15970469
  973    -1.14874041
  974    -1.03605926
  975    -0.85545570
  976    -0.91214317
  977    -1.07124913
  978    -1.20125997
  979    -1.09651268
  980    -0.93361253
  981    -1.05453324
  982    -1.29632938
  983    -1.16749954
  984    -1.07078171
  985    -1.10223663
  986    -1.28217995
  987    -1.54375672
  988    -1.54168403
  989    -1.55731595
  990    -1.57428992
  991    -1.54469180
  992    -1.60143673
  993    -1.40759361
  994    -1.13632894
  995    -1.12853432
  996    -1.17567790
  997    -1.27652800
  998    -1.02624404
  999    -0.81649756
 1000    -0.81539100
 1001    -0.89377457
 1002    -0.57307327
 1003    -0.33808348
 1004    -0.16005450
 1005    -0.24420619
 1006    -0.26541296
 1007     0.06472899
 1008     0.13867897
 1009     0.32691073
 1010     0.58771688
 1011     0.63853031
 1012     1.00909853
 1013     1.37428105
 1014     1.41883099
 1015     1.38521910
 1016     1.36224604
 1017     1.53672326
 1018     1.68081248
 1019     1.52268517
 1020     1.44453967
 1021     1.56751657
 1022     1.61431205
 1023     1.54985487
 1024     1.20775473
 1025     0.99237585
 1026     1.02208722
 1027     0.90020555
 1028     0.84537339
 1029     0.69450635
 1030     0.66402924
 1031     0.82410663
 1032     0.77625865
 1033     0.73316753
 1034     0.48172861
 1035     0.24011689
 1036     0.31781462
 1037     0.26636222
 1038     0.01735139
 1039    -0.18824111
 1040    -0.13444848
 1041    -0.09784610
 1042    -0.18729779
 1043    -0.47556010
 1044    -0.63246018
 1045    -0.60186118
 1046    -0.60567880
 1047    -0.53298092
 1048    -0.50260395
 1049    -0.38004223
 1050    -0.01164598
 1051     0.22438027
 1052     0.28445652
 1053     0.26827195
 1054     0.41059378
 1055     0.66325164
 1056     0.81719220
 1057     0.77554476
 1058     0.87287223
 1059     1.12070370
 1060     1.17707348
 1061     1.24708498
 1062     0.98143929
 1063     0.87932920
 1064     0.82406676
 1065     0.72781491
 1066     0.74300796
 1067     0.70968717
 1068     0.73543680
 1069     0.95008224
 1070     0.91405499
 1071     0.82863575
 1072     0.62428874
 1073     0.57332838
 1074     0.70841682
 1075     0.64378840
 1076     0.43135288
 1077     0.44821039
 1078     0.56479943
 1079     0.57217562
 1080     0.44209734
 1081     0.13586026
 1082     0.13702980
 1083     0.06150056
 1084     0.03184288
 1085     0.10257501
 1086     0.12211163
 1087     0.29819468
 1088     0.53991473
 1089     0.57131290
 1090     0.46397376
 1091     0.34703550
 1092     0.48240519
 1093     0.61933559
 1094     0.54903257
 1095     0.34602579
 1096     0.43740276
 1097     0.54470712
 1098     0.48816803
 1099     0.35090315
 1100     0.05569411
 1101     0.00839094
 1102    -0.00285178
 1103    -0.04438162
 1104    -0.04052694
 1105    -0.08490434
 1106     0.07478862
 1107     0.26528865
 1108     0.27374288
 1109     0.09702520
 1110    -0.04237949
 1111    -0.06915794
 1112     0.08699778
 1113    -0.15176117
 1114    -0.41016892
 1115    -0.42103922
 1116    -0.39427009
 1117    -0.36344612
 1118    -0.71853334
 1119    -0.99713302
 1120    -0.90494812
 1121    -1.02568507
 1122    -1.02536929
 1123    -0.90185004
 1124    -0.98065525
 1125    -0.71596950
 1126    -0.40797064
 1127    -0.34681860
 1128    -0.38861221
 1129    -0.46412295
 1130    -0.30347249
 1131    -0.12826079
 1132    -0.27746934
 1133    -0.34082612
 1134    -0.24549097
 1135    -0.14215612
 1136    -0.22501552
 1137    -0.45009306
 1138    -0.70742106
 1139    -0.80319422
 1140    -0.84415233
 1141    -0.91053563
 1142    -0.98454893
 1143    -1.04861152
 1144    -0.85324550
 1145    -0.75345248
 1146    -0.75705254
 1147    -0.90685672
 1148    -1.11101282
 1149    -0.90386385
 1150    -0.84011728
 1151    -1.06295800
 1152    -1.20753956
 1153    -1.12420356
 1154    -1.04174817
 1155    -1.08769941
 1156    -1.36438775
 1157    -1.55883765
 1158    -1.57073426
 1159    -1.62425423
 1160    -1.62354279
 1161    -1.65878582
 1162    -1.63604021
 1163    -1.36466146
 1164    -1.26751351
 1165    -1.22134304
 1166    -1.32164931
 1167    -1.40257597
 1168    -1.09379208
 1169    -0.94790608
 1170    -1.06322372
 1171    -0.96119851
 1172    -0.71588910
 1173    -0.40681550
 1174    -0.41017038
 1175    -0.46233687
 1176    -0.42335740
 1177    -0.09081480
 1178     0.01037299
 1179     0.24228643
 1180     0.31705508
 1181     0.56547683
 1182     0.95718318
 1183     1.13401914
 1184     1.19345379
 1185     1.12122095
 1186     1.15773654
 1187     1.36916280
 1188     1.40159106
 1189     1.22760391
 1190     1.23544765
 1191     1.34983802
 1192     1.39272249
 1193     1.19310689
 1194     0.83870292
 1195     0.75332326
 1196     0.69658923
 1197     0.62819463
 1198     0.51245856
 1199     0.42633566
 1200     0.34816483
 1201     0.56456101
 1202     0.54997057
 1203     0.41036531
 1204     0.15392683
 1205    -0.06172161
 1206     0.09513076
 1207    -0.06736170
 1208    -0.37609914
 1209    -0.37455082
 1210    -0.30571204
 1211    -0.35313982
 1212    -0.49219099
 1213    -0.78765124
 1214    -0.83312762
 1215    -0.78978240
 1216    -0.78271812
 1217    -0.69978374
 1218    -0.64828783
 1219    -0.39684179
 1220    -0.03956596
 1221     0.12295026
 1222     0.14654921
 1223     0.17235205
 1224     0.42300507
 1225     0.75212866
 1226     0.80785209
 1227     0.68988389
 1228     0.96318293
 1229     1.16906226
 1230     1.15242434
 1231     1.11017823
 1232     0.87595034
 1233     0.80524909
 1234     0.88050145
 1235     0.84831727
 1236     0.75912833
 1237     0.75198382
 1238     0.87228751
 1239     1.05856371
 1240     0.98897350
 1241     0.83223289
 1242     0.68732488
 1243     0.73314381
 1244     0.85474789
 1245     0.68122673
 1246     0.55451608
 1247     0.63191837
 1248     0.73858148
 1249     0.67176306
 1250     0.50745273
 1251     0.27393621
 1252     0.22451478
 1253     0.28070119
 1254     0.29067081
 1255     0.24057627
 1256     0.32275453
 1257     0.57733357
 1258     0.70138818
 1259     0.82449007
 1260     0.69944769
 1261     0.60209304
 1262     0.63938272
 1263     0.74451321
 1264     0.60512334
 1265     0.53021216
 1266     0.66132140
 1267     0.71363580
 1268     0.63054824
 1269     0.36854681
 1270     0.16779572
 1271     0.20607089
 1272     0.14850852
 1273     0.14304942
 1274     0.11730206
 1275     0.09505150
 1276     0.32586619
 1277     0.43746525
 1278     0.41034675
 1279     0.24027675
 1280     0.04426788
 1281     0.20822178
 1282     0.22591129
 1283    -0.08270491
 1284    -0.23296943
 1285    -0.23671733
 1286    -0.17288676
 1287    -0.34853116
 1288    -0.61486053
 1289    -0.85151678
 1290    -0.83966255
 1291    -0.93848199
 1292    -0.89660281
 1293    -0.80712390
 1294    -0.79261005
 1295    -0.46583679
 1296    -0.29522374
 1297    -0.28298941
 1298    -0.38650793
 1299    -0.40757716
 1300    -0.21982898
 1301    -0.16922216
 1302    -0.36669311
 1303    -0.37472883
 1304    -0.25482509
 1305    -0.26550758
 1306    -0.35443589
 1307    -0.71885622
 1308    -0.84180540
 1309    -0.98048121
 1310    -1.05424535
 1311    -1.14094603
 1312    -1.13654518
 1313    -1.21780157
 1314    -0.96313965
 1315    -0.92495018
 1316    -0.99330127
 1317    -1.18101394
 1318    -1.33909869
 1319    -1.10429978
 1320    -1.15567791
 1321    -1.45102203
 1322    -1.37401104
 1323    -1.26499367
 1324    -1.29571259
 1325    -1.40120280
 1326    -1.72365248
 1327    -1.78553820
 1328    -1.80613351
 1329    -1.84374762
 1330    -1.82551885
 1331    -1.87517464
 1332    -1.78010440
 1333    -1.49131060
 1334    -1.36778557
 1335    -1.39491153
 1336    -1.47349405
 1337    -1.47603655
 1338    -1.13849294
 1339    -1.11627424
 1340    -1.19522595
 1341    -0.97236294
 1342    -0.67898357
 1343    -0.48217914
 1344    -0.42552519
 1345    -0.49010637
 1346    -0.35214388
 1347    -0.06809160
 1348     0.11441370
 1349     0.25205570
 1350     0.42970833
 1351     0.69990230
 1352     1.10738337
 1353     1.19358611
 1354     1.21245861
 1355     1.14262223
 1356     1.27070391
 1357     1.47638118
 1358     1.37829196
 1359     1.25055325
 1360     1.29958558
 1361     1.39410484
 1362     1.41794932
 1363     1.13057494
 1364     0.82320523
 1365     0.84278446
 1366     0.67116219
 1367     0.56628424
 1368     0.58218277
 1369     0.34204563
 1370     0.44081986
 1371     0.57052320
 1372     0.51618040
 1373     0.32575527
 1374     0.02644837
 1375     0.04003159
 1376     0.02852237
 1377    -0.17970420
 1378    -0.40119508
 1379    -0.33478916
 1380    -0.32055613
 1381    -0.43140841
 1382    -0.68395036
 1383    -0.91969424
 1384    -0.88103485
 1385    -0.89065725
 1386    -0.84594738
 1387    -0.79339296
 1388    -0.71508884
 1389    -0.37938678
 1390    -0.11146554
 1391     0.03448785
 1392     0.02755072
 1393     0.10456477
 1394     0.28045604
 1395     0.51753467
 1396     0.50068510
 1397     0.57453126
 1398     0.83775514
 1399     0.96204001
 1400     0.94152337
 1401     0.68465006
 1402     0.53931105
 1403     0.67538691
 1404     0.57458550
 1405     0.57458925
 1406     0.51188397
 1407     0.49306396
 1408     0.70563793
 1409     0.77062058
 1410     0.72544235
 1411     0.53853971
 1412     0.42183527
 1413     0.53473336
 1414     0.57578576
 1415     0.34850943
 1416     0.31812575
 1417     0.44121459
 1418     0.49948284
 1419     0.40164712
 1420     0.09729142
 1421     0.00391945
 1422     0.08803540
 1423     0.09214329
 1424     0.13214861
 1425     0.02493306
 1426     0.13854705
 1427     0.41340837
 1428     0.56454784
 1429     0.49717617
 1430     0.36450613
 1431     0.40413198
 1432     0.51161134
 1433     0.53432423
 1434     0.37422985
 1435     0.34803179
 1436     0.48509055
 1437     0.49670789
 1438     0.43652406
 1439     0.12881829
 1440     0.01428798
 1441     0.01105230
 1442    -0.03662524
 1443    -0.02998058
 1444    -0.08646859
 1445    -0.04858523
 1446     0.19972235
 1447     0.29810813
 1448     0.16750203
 1449    -0.01320949
 1450    -0.12263002
 1451     0.04124033
 1452    -0.07447227
 1453    -0.43152720
 1454    -0.39644381
 1455    -0.35139650
 1456    -0.48008329
 1457    -0.61323017
 1458    -0.97649574
 1459    -1.04602337
 1460    -1.13483250
 1461    -1.19620538
 1462    -1.10037351
 1463    -1.14043224
 1464    -0.94601780
 1465    -0.67331898
 1466    -0.54880011
 1467    -0.61307478
 1468    -0.69028640
 1469    -0.61677301
 1470    -0.41286835
 1471    -0.48984453
 1472    -0.62257105
 1473    -0.59232944
 1474    -0.48523170
 1475    -0.45228225
 1476    -0.70885068
 1477    -1.03189790
 1478    -1.01713550
 1479    -1.16918552
 1480    -1.25073302
 1481    -1.22772002
 1482    -1.34583569
 1483    -1.18659878
 1484    -1.05687904
 1485    -0.94921541
 1486    -1.11980534
 1487    -1.23387945
 1488    -1.30420196
 1489    -1.10449076
 1490    -1.28058338
 1491    -1.35622680
 1492    -1.33436143
 1493    -1.21163368
 1494    -1.17654943
 1495    -1.41331077
 1496    -1.65972114
 1497    -1.65067828
 1498    -1.68032491
 1499    -1.69669890
 1500    -1.68828034
 1501    -1.71403289
 1502    -1.48453116
 1503    -1.29063618
 1504    -1.19321811
 1505    -1.26838481
 1506    -1.32825983
 1507    -1.20754814
 1508    -1.00191307
 1509    -1.01963544
 1510    -0.93631303
 1511    -0.63753420
 1512    -0.38397512
 1513    -0.33114883
 1514    -0.34555587
 1515    -0.37334144
 1516    -0.07904540
 1517     0.00760546
 1518     0.19986646
 1519     0.46111026
 1520     0.51989293
 1521     0.90613520
 1522     1.25679398
 1523     1.29080391
 1524     1.24736166
 1525     1.24288464
 1526     1.41873157
 1527     1.55027843
 1528     1.38419569
 1529     1.30421293
 1530     1.42418933
 1531     1.45905662
 1532     1.43476307
 1533     1.10095966
 1534     0.91652000
 1535     0.81464684
 1536     0.77239376
 1537     0.68182868
 1538     0.51574230
 1539     0.44642821
 1540     0.59915888
 1541     0.65757185
 1542     0.47606170
 1543     0.22622465
 1544     0.08476486
 1545     0.12575327
 1546     0.09498137
 1547    -0.22713324
 1548    -0.25718758
 1549    -0.18835500
 1550    -0.22405027
 1551    -0.33709070
 1552    -0.66562200
 1553    -0.76454830
 1554    -0.73801208
 1555    -0.74178147
 1556    -0.67230058
 1557    -0.62656021
 1558    -0.47497904
 1559    -0.08981849
 1560     0.07399968
 1561     0.19121824
 1562     0.17184733
 1563     0.24023391
 1564     0.58297652
 1565     0.71441776
 1566     0.60338140
 1567     0.78360474
 1568     1.02292120
 1569     1.04514444
 1570     1.09886539
 1571     0.82308924
 1572     0.74151582
 1573     0.68510127
 1574     0.58691448
 1575     0.61676002
 1576     0.54203242
 1577     0.60560012
 1578     0.80119056
 1579     0.77879083
 1580     0.65285468
 1581     0.45869640
 1582     0.44297722
 1583     0.57293284
 1584     0.48592257
 1585     0.26750439
 1586     0.30184940
 1587     0.41344324
 1588     0.38364369
 1589     0.28335133
 1590     0.00672424
 1591    -0.08527768
 1592     0.00779292
 1593    -0.01761776
 1594     0.02667245
 1595    -0.07663856
 1596     0.05061951
 1597     0.36809036
 1598     0.46635818
 1599     0.43070874
 1600     0.27604401
 1601     0.24298292
 1602     0.42252788
 1603     0.30341530
 1604     0.23226318
 1605     0.22222812
 1606     0.34034079
 1607     0.38332087
 1608     0.14707826
 1609    -0.12955472
 1610    -0.12294178
 1611    -0.16462733
 1612    -0.19020419
 1613    -0.19362056
 1614    -0.22582148
 1615    -0.06200405
 1616     0.14324655
 1617     0.09289216
 1618    -0.07925916
 1619    -0.22259672
 1620    -0.19713591
 1621    -0.06223145
 1622    -0.31715578
 1623    -0.56770587
 1624    -0.57470459
 1625    -0.54915923
 1626    -0.51246923
 1627    -0.87289011
 1628    -1.12495756
 1629    -1.06437504
 1630    -1.13695633
 1631    -1.12828684
 1632    -1.05883217
 1633    -1.08863509
 1634    -0.82137275
 1635    -0.52309209
 1636    -0.51968408
 1637    -0.58022732
 1638    -0.60709447
 1639    -0.44894359
 1640    -0.28722087
 1641    -0.43289563
 1642    -0.51370430
 1643    -0.38448808
 1644    -0.32470325
 1645    -0.37732473
 1646    -0.70411813
 1647    -0.92628372
 1648    -0.87198716
 1649    -0.99487728
 1650    -1.02761436
 1651    -1.09818172
 1652    -1.13399279
 1653    -0.92843467
 1654    -0.85550803
 1655    -0.88982016
 1656    -1.07784712
 1657    -1.17344785
 1658    -1.12662435
 1659    -1.09276545
 1660    -1.24002218
 1661    -1.38084364
 1662    -1.25175309
 1663    -1.22199762
 1664    -1.24440253
 1665    -1.56466854
 1666    -1.71960509
 1667    -1.73567367
 1668    -1.79037642
 1669    -1.79083157
 1670    -1.82239640
 1671    -1.79134238
 1672    -1.51166654
 1673    -1.42943883
 1674    -1.39203906
 1675    -1.49687994
 1676    -1.56964087
 1677    -1.24631858
 1678    -1.11338305
 1679    -1.26947081
 1680    -1.07411730
 1681    -0.80992216
 1682    -0.55746162
 1683    -0.56446403
 1684    -0.68038708
 1685    -0.53860253
 1686    -0.28661653
 1687    -0.10267849
 1688     0.06733165
 1689     0.15219976
 1690     0.34818453
 1691     0.75877792
 1692     1.02394080
 1693     1.02275264
 1694     0.95944607
 1695     1.00450826
 1696     1.21673357
 1697     1.21666980
 1698     1.04082060
 1699     1.05662966
 1700     1.17617869
 1701     1.16187191
 1702     1.04786396
 1703     0.72476673
 1704     0.55793536
 1705     0.56493056
 1706     0.42410684
 1707     0.41101289
 1708     0.16330941
 1709     0.20450525
 1710     0.33428770
 1711     0.40609464
 1712     0.15036206
 1713    -0.06190661
 1714    -0.18229601
 1715    -0.04544420
 1716    -0.22151352
 1717    -0.56237024
 1718    -0.51536149
 1719    -0.45645049
 1720    -0.53604215
 1721    -0.67784512
 1722    -0.97089779
 1723    -1.00562203
 1724    -0.96826506
 1725    -0.95591956
 1726    -0.87298191
 1727    -0.82742268
 1728    -0.55562776
 1729    -0.21798505
 1730    -0.02456502
 1731    -0.01636793
 1732     0.03967094
 1733     0.21276420
 1734     0.59312457
 1735     0.58696884
 1736     0.51488596
 1737     0.71132129
 1738     0.90668863
 1739     1.05497539
 1740     0.82877433
 1741     0.60660881
 1742     0.72302979
 1743     0.60337985
 1744     0.57019055
 1745     0.61654270
 1746     0.49233261
 1747     0.66406763
 1748     0.82057530
 1749     0.83539701
 1750     0.67757577
 1751     0.50788075
 1752     0.55569541
 1753     0.66957587
 1754     0.48859799
 1755     0.35638818
 1756     0.41918001
 1757     0.51034546
 1758     0.53280938
 1759     0.28114855
 1760     0.08428774
 1761     0.09498969
 1762     0.12104724
 1763     0.14093934
 1764     0.09355532
 1765     0.16421185
 1766     0.41856241
 1767     0.57402533
 1768     0.60531676
 1769     0.46364820
 1770     0.42916152
 1771     0.44510967
 1772     0.55196184
 1773     0.39330149
 1774     0.34756702
 1775     0.47927162
 1776     0.51964784
 1777     0.43726799
 1778     0.15593369
 1779    -0.02262586
 1780     0.01628754
 1781    -0.04512990
 1782    -0.05003874
 1783    -0.07281636
 1784    -0.10336225
 1785     0.13041630
 1786     0.28023398
 1787     0.17048852
 1788    -0.01991536
 1789    -0.11110102
 1790    -0.05689295
 1791    -0.04757531
 1792    -0.36383918
 1793    -0.38122147
 1794    -0.32113034
 1795    -0.37631333
 1796    -0.54063302
 1797    -0.92599261
 1798    -1.04102802
 1799    -1.02156341
 1800    -1.02701044
 1801    -1.01715326
 1802    -1.09262323
 1803    -0.99777102
 1804    -0.68892562
 1805    -0.49269506
 1806    -0.52700269
 1807    -0.62193114
 1808    -0.59569174
 1809    -0.41294900
 1810    -0.37587377
 1811    -0.56654048
 1812    -0.56112212
 1813    -0.44957170
 1814    -0.42967892
 1815    -0.60926038
 1816    -0.98105162
 1817    -1.07247639
 1818    -1.15747404
 1819    -1.21703351
 1820    -1.31876647
 1821    -1.36928225
 1822    -1.43010914
 1823    -1.17441988
 1824    -1.11848664
 1825    -1.20723641
 1826    -1.39260042
 1827    -1.54312444
 1828    -1.30786061
 1829    -1.38695443
 1830    -1.66846585
 1831    -1.58968353
 1832    -1.47886729
 1833    -1.51993203
 1834    -1.61812198
 1835    -1.92699528
 1836    -2.00414133
 1837    -2.00730228
 1838    -2.05280185
 1839    -2.03863931
 1840    -2.05925775
 1841    -1.93979931
 1842    -1.64139307
 1843    -1.62699652
 1844    -1.65128613
 1845    -1.76302278
 1846    -1.59631920
 1847    -1.39488316
 1848    -1.35563838
 1849    -1.30060863
 1850    -1.12272739
 1851    -0.81501931
 1852    -0.61776370
 1853    -0.58410025
 1854    -0.65720344
 1855    -0.45155188
 1856    -0.29296929
 1857    -0.14128412
 1858     0.12062386
 1859     0.15257132
 1860     0.47554842
 1861     0.86322653
 1862     1.02755713
 1863     1.02186143
 1864     0.95292991
 1865     1.06650805
 1866     1.26614463
 1867     1.15952432
 1868     1.02415943
 1869     1.10693777
 1870     1.18634915
 1871     1.18605840
 1872     0.88468790
 1873     0.58935469
 1874     0.62379968
 1875     0.44439507
 1876     0.34821677
 1877     0.36397451
 1878     0.12414187
 1879     0.23106162
 1880     0.38151357
 1881     0.25463620
 1882     0.05757991
 1883    -0.23318474
 1884    -0.13570280
 1885    -0.13909839
 1886    -0.37886050
 1887    -0.65730208
 1888    -0.59857613
 1889    -0.58447087
 1890    -0.61417031
 1891    -0.92425877
 1892    -1.13175917
 1893    -1.09096253
 1894    -1.10773063
 1895    -1.06760645
 1896    -1.00665021
 1897    -0.95655406
 1898    -0.61820966
 1899    -0.32340422
 1900    -0.22817723
 1901    -0.21819235
 1902    -0.19380547
 1903     0.15119907
 1904     0.40728325
 1905     0.28801292
 1906     0.37321767
 1907     0.54155469
 1908     0.76595682
 1909     0.70573115
 1910     0.54349238
 1911     0.35776520
 1912     0.38859385
 1913     0.28494093
 1914     0.27957171
 1915     0.31838205
 1916     0.22977029
 1917     0.46398625
 1918     0.57474607
 1919     0.47806737
 1920     0.29299483
 1921     0.20236973
 1922     0.31863990
 1923     0.34134507
 1924     0.11327558
 1925     0.09796149
 1926     0.22275679
 1927     0.27352214
 1928     0.16870923
 1929    -0.14311022
 1930    -0.20294049
 1931    -0.16231287
 1932    -0.13656987
 1933    -0.12215363
 1934    -0.18089750
 1935    -0.12596758
 1936     0.16767217
 1937     0.40564823
 1938     0.27645555
 1939     0.15940407
 1940     0.22522143
 1941     0.33592340
 1942     0.32968098
 1943     0.19422230
 1944     0.12697804
 1945     0.24111284
 1946     0.32218727
 1947     0.14324097
 1948    -0.15556483
 1949    -0.22814246
 1950    -0.21815680
 1951    -0.26956066
 1952    -0.26484582
 1953    -0.31594959
 1954    -0.22615536
 1955     0.00888160
 1956     0.00637079
 1957    -0.12004074
 1958    -0.33109862
 1959    -0.30641001
 1960    -0.27774012
 1961    -0.40923354
 1962    -0.58449090
 1963    -0.69991678
 1964    -0.65757799
 1965    -0.64517134
 1966    -0.94698602
 1967    -1.30108273
 1968    -1.27737868
 1969    -1.40690267
 1970    -1.42903006
 1971    -1.37475920
 1972    -1.34627903
 1973    -1.15030491
 1974    -0.88277274
 1975    -0.79335773
 1976    -0.85940784
 1977    -0.93156272
 1978    -0.84360981
 1979    -0.64472395
 1980    -0.74128294
 1981    -0.86224657
 1982    -0.81393588
 1983    -0.70486420
 1984    -0.70144784
 1985    -0.93653810
 1986    -1.24068785
 1987    -1.26368427
 1988    -1.36384630
 1989    -1.44951057
 1990    -1.41492641
 1991    -1.61582243
 1992    -1.48716497
 1993    -1.24473238
 1994    -1.26924002
 1995    -1.36004257
 1996    -1.57239783
 1997    -1.44934380
 1998    -1.36649930
 1999    -1.48065102
 2000    -1.62968290
 2001    -1.49473798
 2002    -1.41308367
 2003    -1.48153186
 2004    -1.68858933
 2005    -1.92468786
 2006    -1.90269041
 2007    -1.93130779
 2008    -1.93327010
 2009    -1.93027914
 2010    -1.94132829
 2011    -1.70504320
 2012    -1.48313344
 2013    -1.48461246
 2014    -1.58522749
 2015    -1.56729877
 2016    -1.45858264
 2017    -1.21151292
 2018    -1.30896938
 2019    -1.13604069
 2020    -0.89882940
 2021    -0.60360461
 2022    -0.57542789
 2023    -0.56286591
 2024    -0.58718276
 2025    -0.33866876
 2026    -0.23238054
 2027    -0.03879331
 2028     0.21688236
 2029     0.28793290
 2030     0.68661040
 2031     1.02022493
 2032     1.04454565
 2033     0.99120015
 2034     1.00387478
 2035     1.17620742
 2036     1.29405773
 2037     1.12223053
 2038     1.06203926
 2039     1.16127455
 2040     1.22932458
 2041     1.14487112
 2042     0.85300791
 2043     0.63778788
 2044     0.56176817
 2045     0.42136544
 2046     0.35312197
 2047     0.35621634
 2048     0.20995905